3 0.46458333333333335 0.26481481481481484 0.03125 0.03425925925925926
3 0.025520833333333333 0.20416666666666666 0.027083333333333334 0.04490740740740741
3 0.06458333333333334 0.1361111111111111 0.030208333333333334 0.028703703703703703
3 0.01640625 0.29074074074074074 0.02109375 0.044444444444444446
2 0.3203125 0.2657407407407407 0.0546875 0.06111111111111111
2 0.35598958333333336 0.3490740740740741 0.07057291666666667 0.1425925925925926
2 0.39869791666666665 0.42824074074074076 0.07057291666666667 0.09490740740740741
2 0.18697916666666667 0.175 0.020833333333333332 0.020370370370370372
2 0.17916666666666667 0.20601851851851852 0.0171875 0.02175925925925926
2 0.08046875 0.35833333333333334 0.03307291666666667 0.037037037037037035
