4 0.06432291666666666 0.1726851851851852 0.05651041666666667 0.043055555555555555
4 0.16770833333333332 0.1625 0.05416666666666667 0.022685185185185187
4 0.26119791666666664 0.15046296296296297 0.06953125 0.02638888888888889
4 0.34140625 0.14166666666666666 0.05755208333333333 0.04259259259259259
4 0.41901041666666666 0.1310185185185185 0.06588541666666667 0.04953703703703704
4 0.42239583333333336 0.2037037037037037 0.06666666666666667 0.0712962962962963
4 0.32395833333333335 0.21481481481481482 0.09375 0.07962962962962963
4 0.23046875 0.2162037037037037 0.07317708333333334 0.08287037037037037
4 0.17291666666666666 0.22777777777777777 0.058333333333333334 0.08333333333333333
4 0.08828125 0.24027777777777778 0.10651041666666666 0.09675925925925925
