3 0.3182291666666667 0.15138888888888888 0.03854166666666667 0.04953703703703704
3 0.2794270833333333 0.15694444444444444 0.027864583333333335 0.03935185185185185
3 0.22682291666666668 0.16018518518518518 0.028385416666666666 0.032407407407407406
3 0.1859375 0.1337962962962963 0.0296875 0.03564814814814815
3 0.12890625 0.14629629629629629 0.01953125 0.032407407407407406
3 0.05364583333333333 0.12222222222222222 0.0203125 0.023148148148148147
3 0.07864583333333333 0.15 0.034895833333333334 0.03888888888888889
3 0.14166666666666666 0.10324074074074074 0.025 0.03194444444444444
3 0.19244791666666666 0.11712962962962963 0.031510416666666666 0.03287037037037037
3 0.4765625 0.10462962962962963 0.033854166666666664 0.025
3 0.428125 0.1087962962962963 0.03854166666666667 0.038425925925925926
3 0.47369791666666666 0.1597222222222222 0.03203125 0.024537037037037038
3 0.4231770833333333 0.1537037037037037 0.029427083333333333 0.03333333333333333
2 0.3971354166666667 0.43194444444444446 0.12317708333333334 0.1125
2 0.24739583333333334 0.44212962962962965 0.09114583333333333 0.08194444444444444
