3 0.22083333333333333 0.15601851851851853 0.023958333333333335 0.03564814814814815
3 0.23619791666666667 0.17222222222222222 0.015885416666666666 0.020370370370370372
3 0.4505208333333333 0.16342592592592592 0.0140625 0.02546296296296296
3 0.4197916666666667 0.18333333333333332 0.020833333333333332 0.027777777777777776
3 0.3880208333333333 0.17453703703703705 0.017708333333333333 0.022685185185185187
3 0.359375 0.175 0.0296875 0.03981481481481482
3 0.38333333333333336 0.1310185185185185 0.0125 0.022685185185185187
3 0.40598958333333335 0.1310185185185185 0.025260416666666667 0.022685185185185187
3 0.4440104166666667 0.13935185185185187 0.02734375 0.029166666666666667
3 0.48203125 0.14027777777777778 0.015885416666666666 0.03194444444444444
3 0.31796875 0.1398148148148148 0.018489583333333334 0.032407407407407406
3 0.2955729166666667 0.14629629629629629 0.027864583333333335 0.03148148148148148
3 0.253125 0.1388888888888889 0.025520833333333333 0.025925925925925925
3 0.16067708333333333 0.16296296296296298 0.03619791666666667 0.03611111111111111
3 0.11432291666666666 0.1699074074074074 0.03307291666666667 0.02546296296296296
3 0.07526041666666666 0.13425925925925927 0.01640625 0.030555555555555555
9 0.09088541666666666 0.24305555555555555 0.13203125 0.08009259259259259
9 0.24661458333333333 0.25092592592592594 0.11692708333333333 0.07314814814814814
9 0.3828125 0.2564814814814815 0.1125 0.08333333333333333
