3 0.46848958333333335 0.2074074074074074 0.04505208333333333 0.07685185185185185
3 0.396875 0.14351851851851852 0.03125 0.046296296296296294
3 0.38645833333333335 0.22546296296296298 0.05260416666666667 0.05416666666666667
3 0.33984375 0.14583333333333334 0.023177083333333334 0.03564814814814815
3 0.1984375 0.15601851851851853 0.023958333333333335 0.02175925925925926
3 0.10729166666666666 0.1574074074074074 0.022916666666666665 0.025925925925925925
3 0.134375 0.15694444444444444 0.016145833333333335 0.022685185185185187
3 0.17994791666666668 0.16157407407407406 0.02578125 0.02824074074074074
2 0.21614583333333334 0.19583333333333333 0.03125 0.03287037037037037
2 0.14895833333333333 0.2175925925925926 0.04635416666666667 0.03425925925925926
2 0.14557291666666666 0.26157407407407407 0.055989583333333336 0.04675925925925926
2 0.08125 0.3449074074074074 0.06875 0.08935185185185185
