3 0.42942708333333335 0.1587962962962963 0.031510416666666666 0.024537037037037038
3 0.35651041666666666 0.1587962962962963 0.03307291666666667 0.024537037037037038
3 0.2994791666666667 0.1597222222222222 0.015625 0.02361111111111111
3 0.2513020833333333 0.16296296296296298 0.02109375 0.024074074074074074
3 0.25494791666666666 0.1398148148148148 0.019010416666666665 0.017592592592592594
3 0.23125 0.16157407407407406 0.027083333333333334 0.0375
3 0.20130208333333333 0.16157407407407406 0.02734375 0.02824074074074074
3 0.17265625 0.1675925925925926 0.015885416666666666 0.020370370370370372
3 0.04583333333333333 0.15185185185185185 0.021875 0.026851851851851852
3 0.02734375 0.15 0.014322916666666666 0.020370370370370372
3 0.18463541666666666 0.2263888888888889 0.032552083333333336 0.027314814814814816
9 0.08307291666666666 0.22083333333333333 0.11536458333333334 0.059722222222222225
9 0.23515625 0.2152777777777778 0.10390625 0.052314814814814814
9 0.36953125 0.22268518518518518 0.10234375 0.0587962962962963
3 0.35885416666666664 0.2759259259259259 0.019791666666666666 0.022222222222222223
