9 0.12708333333333333 0.25555555555555554 0.15572916666666667 0.0824074074074074
9 0.31875 0.2569444444444444 0.15885416666666666 0.09953703703703703
3 0.4669270833333333 0.1537037037037037 0.019010416666666665 0.025
3 0.4236979166666667 0.1685185185185185 0.022135416666666668 0.026851851851851852
3 0.39166666666666666 0.15648148148148147 0.016145833333333335 0.021296296296296296
3 0.35520833333333335 0.15185185185185185 0.0171875 0.03148148148148148
3 0.22630208333333332 0.1587962962962963 0.02890625 0.03009259259259259
3 0.12552083333333333 0.14907407407407408 0.008854166666666666 0.020370370370370372
3 0.11223958333333334 0.14953703703703702 0.010677083333333334 0.018055555555555554
3 0.09791666666666667 0.16157407407407406 0.011458333333333333 0.01898148148148148
3 0.059895833333333336 0.1675925925925926 0.029166666666666667 0.032407407407407406
