3 0.35234375 0.15138888888888888 0.024739583333333332 0.01990740740740741
3 0.3359375 0.17592592592592593 0.030729166666666665 0.032407407407407406
3 0.33515625 0.20277777777777778 0.05859375 0.05648148148148148
3 0.42421875 0.2902777777777778 0.026822916666666665 0.02546296296296296
3 0.26927083333333335 0.19537037037037036 0.0234375 0.03518518518518519
3 0.26979166666666665 0.28564814814814815 0.029166666666666667 0.050462962962962966
3 0.2125 0.19074074074074074 0.03177083333333333 0.03425925925925926
3 0.22786458333333334 0.21944444444444444 0.03619791666666667 0.03611111111111111
3 0.17734375 0.20972222222222223 0.03671875 0.05694444444444444
3 0.190625 0.2763888888888889 0.027604166666666666 0.033796296296296297
3 0.17057291666666666 0.3037037037037037 0.02890625 0.028703703703703703
3 0.22526041666666666 0.39861111111111114 0.053385416666666664 0.04212962962962963
3 0.09973958333333334 0.21898148148148147 0.04348958333333333 0.03657407407407407
3 0.04739583333333333 0.3013888888888889 0.0390625 0.0412037037037037
3 0.10260416666666666 0.3087962962962963 0.03177083333333333 0.038425925925925926
