3 0.21927083333333333 0.16435185185185186 0.036458333333333336 0.027314814814814816
3 0.25442708333333336 0.14444444444444443 0.021614583333333333 0.02962962962962963
3 0.20520833333333333 0.13518518518518519 0.028125 0.03611111111111111
3 0.17552083333333332 0.13425925925925927 0.025 0.03333333333333333
3 0.16328125 0.16111111111111112 0.030989583333333334 0.030555555555555555
3 0.13723958333333333 0.12962962962962962 0.020052083333333335 0.027777777777777776
3 0.10182291666666667 0.12083333333333333 0.016927083333333332 0.01898148148148148
3 0.10598958333333333 0.14907407407407408 0.01953125 0.021296296296296296
3 0.08333333333333333 0.12777777777777777 0.021354166666666667 0.026851851851851852
3 0.06328125 0.12407407407407407 0.013802083333333333 0.018518518518518517
3 0.07109375 0.1537037037037037 0.018489583333333334 0.025
3 0.020052083333333335 0.14583333333333334 0.020572916666666666 0.03287037037037037
9 0.09583333333333334 0.21388888888888888 0.11041666666666666 0.058333333333333334
9 0.23723958333333334 0.2125 0.06848958333333334 0.03657407407407407
9 0.38359375 0.23148148148148148 0.14661458333333333 0.06666666666666667
