9 0.20078125 0.16898148148148148 0.039322916666666666 0.02546296296296296
9 0.14401041666666667 0.19814814814814816 0.05546875 0.03888888888888889
9 0.05234375 0.2222222222222222 0.07473958333333333 0.05092592592592592
3 0.4083333333333333 0.13287037037037036 0.0390625 0.038425925925925926
3 0.4122395833333333 0.19027777777777777 0.02421875 0.027314814814814816
3 0.36276041666666664 0.1439814814814815 0.03203125 0.03287037037037037
8 0.4552083333333333 0.17824074074074073 0.04010416666666667 0.05138888888888889
8 0.32109375 0.1574074074074074 0.03984375 0.03333333333333333
3 0.07734375 0.1638888888888889 0.023177083333333334 0.027777777777777776
3 0.10208333333333333 0.16203703703703703 0.021875 0.016666666666666666
