3 0.025520833333333333 0.24351851851851852 0.022916666666666665 0.020370370370370372
3 0.050520833333333334 0.2412037037037037 0.020833333333333332 0.022685185185185187
3 0.08645833333333333 0.2388888888888889 0.041666666666666664 0.041666666666666664
3 0.12786458333333334 0.24722222222222223 0.023177083333333334 0.025925925925925925
3 0.13489583333333333 0.26990740740740743 0.0125 0.0125
3 0.15963541666666667 0.26805555555555555 0.015364583333333333 0.01990740740740741
3 0.15546875 0.24074074074074073 0.01484375 0.017592592592592594
3 0.19713541666666667 0.24305555555555555 0.026822916666666665 0.024537037037037038
3 0.23541666666666666 0.2388888888888889 0.022916666666666665 0.024074074074074074
3 0.22604166666666667 0.26296296296296295 0.013020833333333334 0.017592592592592594
3 0.3450520833333333 0.2412037037037037 0.02109375 0.022685185185185187
