3 0.11901041666666666 0.1300925925925926 0.031510416666666666 0.04212962962962963
3 0.07786458333333333 0.12129629629629629 0.03567708333333333 0.03611111111111111
3 0.0421875 0.11712962962962963 0.027604166666666666 0.02638888888888889
3 0.035416666666666666 0.15324074074074073 0.030208333333333334 0.034722222222222224
3 0.09635416666666667 0.1550925925925926 0.03229166666666667 0.029166666666666667
3 0.1296875 0.15092592592592594 0.0234375 0.023148148148148147
3 0.16588541666666667 0.15555555555555556 0.02578125 0.027777777777777776
3 0.20208333333333334 0.14814814814814814 0.025520833333333333 0.032407407407407406
3 0.23098958333333333 0.1398148148148148 0.019010416666666665 0.037037037037037035
3 0.2942708333333333 0.1375 0.04010416666666667 0.0412037037037037
3 0.3338541666666667 0.13425925925925927 0.026041666666666668 0.03796296296296296
3 0.36354166666666665 0.13425925925925927 0.029166666666666667 0.05092592592592592
3 0.40911458333333334 0.1375 0.03984375 0.03564814814814815
3 0.45026041666666666 0.13564814814814816 0.027864583333333335 0.027314814814814816
3 0.48072916666666665 0.15185185185185185 0.0265625 0.05648148148148148
3 0.4484375 0.1675925925925926 0.0328125 0.044444444444444446
9 0.09036458333333333 0.23981481481481481 0.11067708333333333 0.06574074074074074
9 0.22213541666666667 0.2439814814814815 0.07526041666666666 0.05324074074074074
9 0.3575520833333333 0.2439814814814815 0.11328125 0.0699074074074074
