3 0.45416666666666666 0.2689814814814815 0.04791666666666667 0.04675925925925926
3 0.39427083333333335 0.19768518518518519 0.07395833333333333 0.09305555555555556
3 0.33984375 0.19212962962962962 0.02265625 0.03287037037037037
3 0.1953125 0.16018518518518518 0.0265625 0.019444444444444445
3 0.15859375 0.16666666666666666 0.03567708333333333 0.020370370370370372
3 0.13177083333333334 0.1763888888888889 0.040625 0.04027777777777778
3 0.09765625 0.17083333333333334 0.03046875 0.02638888888888889
3 0.06901041666666667 0.1875 0.030989583333333334 0.03194444444444444
3 0.46067708333333335 0.12361111111111112 0.046614583333333334 0.0837962962962963
3 0.34921875 0.12546296296296297 0.039322916666666666 0.05138888888888889
3 0.403125 0.10740740740740741 0.0375 0.053703703703703705
2 0.19739583333333333 0.2361111111111111 0.043229166666666666 0.04537037037037037
2 0.3216145833333333 0.27870370370370373 0.04505208333333333 0.05092592592592592
2 0.14583333333333334 0.3490740740740741 0.059375 0.049074074074074076
2 0.0703125 0.3013888888888889 0.043229166666666666 0.050462962962962966
