3 0.01796875 0.2935185185185185 0.031510416666666666 0.08518518518518518
3 0.06432291666666666 0.3106481481481482 0.061197916666666664 0.1162037037037037
3 0.03723958333333333 0.4013888888888889 0.06796875 0.11712962962962963
3 0.0984375 0.41435185185185186 0.071875 0.1125
3 0.13177083333333334 0.3194444444444444 0.07708333333333334 0.1398148148148148
3 0.18515625 0.2949074074074074 0.06588541666666667 0.11712962962962963
3 0.23619791666666667 0.2824074074074074 0.04921875 0.11203703703703703
3 0.31328125 0.2689814814814815 0.09609375 0.11527777777777778
3 0.40572916666666664 0.30833333333333335 0.08645833333333333 0.09166666666666666
3 0.43671875 0.42916666666666664 0.11015625 0.11064814814814815
3 0.35572916666666665 0.412962962962963 0.05520833333333333 0.0824074074074074
3 0.2786458333333333 0.350462962962963 0.05520833333333333 0.08287037037037037
3 0.1984375 0.4078703703703704 0.078125 0.10046296296296296
3 0.16328125 0.4462962962962963 0.04505208333333333 0.049074074074074076
