9 0.08645833333333333 0.21944444444444444 0.10520833333333333 0.05462962962962963
9 0.22083333333333333 0.22083333333333333 0.10364583333333334 0.05416666666666667
9 0.3645833333333333 0.23657407407407408 0.11614583333333334 0.0587962962962963
3 0.4765625 0.15046296296296297 0.021354166666666667 0.01712962962962963
3 0.48932291666666666 0.17962962962962964 0.01640625 0.020370370370370372
3 0.43020833333333336 0.16111111111111112 0.027083333333333334 0.028703703703703703
3 0.39765625 0.14814814814814814 0.03463541666666667 0.03148148148148148
3 0.32734375 0.1699074074074074 0.03619791666666667 0.02361111111111111
3 0.28359375 0.1388888888888889 0.01640625 0.023148148148148147
3 0.3106770833333333 0.13148148148148148 0.02578125 0.025925925925925925
3 0.26588541666666665 0.1310185185185185 0.021614583333333333 0.031018518518518518
3 0.2825520833333333 0.16620370370370371 0.03828125 0.03009259259259259
3 0.25026041666666665 0.16712962962962963 0.02578125 0.02175925925925926
3 0.21197916666666666 0.1310185185185185 0.029166666666666667 0.02638888888888889
3 0.2046875 0.16620370370370371 0.027083333333333334 0.02361111111111111
3 0.17239583333333333 0.12129629629629629 0.024479166666666666 0.028703703703703703
3 0.13333333333333333 0.12962962962962962 0.03125 0.024074074074074074
3 0.09270833333333334 0.12037037037037036 0.022916666666666665 0.022222222222222223
3 0.06901041666666667 0.11898148148148148 0.017447916666666667 0.018055555555555554
3 0.04192708333333333 0.11898148148148148 0.03359375 0.02824074074074074
3 0.08411458333333334 0.1675925925925926 0.02578125 0.025
3 0.06848958333333334 0.15185185185185185 0.02109375 0.014814814814814815
