3 0.18072916666666666 0.23703703703703705 0.05416666666666667 0.04259259259259259
3 0.21901041666666668 0.2175925925925926 0.02265625 0.02962962962962963
3 0.23802083333333332 0.25601851851851853 0.023958333333333335 0.033796296296296297
3 0.28151041666666665 0.24305555555555555 0.032552083333333336 0.034722222222222224
3 0.3333333333333333 0.225 0.034895833333333334 0.04537037037037037
3 0.05364583333333333 0.19814814814814816 0.0375 0.030555555555555555
2 0.1984375 0.27175925925925926 0.020833333333333332 0.022685185185185187
2 0.2125 0.3050925925925926 0.03958333333333333 0.03935185185185185
2 0.33984375 0.30648148148148147 0.04869791666666667 0.03611111111111111
2 0.022395833333333334 0.27175925925925926 0.022395833333333334 0.03564814814814815
2 0.05 0.24259259259259258 0.03333333333333333 0.028703703703703703
