3 0.08489583333333334 0.1388888888888889 0.01875 0.032407407407407406
3 0.06171875 0.14074074074074075 0.024739583333333332 0.027777777777777776
3 0.203125 0.15648148148148147 0.021875 0.026851851851851852
3 0.3296875 0.1712962962962963 0.03125 0.03611111111111111
3 0.45364583333333336 0.1625 0.027083333333333334 0.031018518518518518
3 0.48125 0.17407407407407408 0.027604166666666666 0.044444444444444446
3 0.16171875 0.1574074074074074 0.032552083333333336 0.025925925925925925
9 0.10677083333333333 0.26064814814814813 0.1265625 0.08009259259259259
9 0.2421875 0.26296296296296295 0.1140625 0.08425925925925926
9 0.378125 0.26666666666666666 0.12135416666666667 0.07777777777777778
