3 0.05390625 0.36157407407407405 0.03411458333333333 0.052314814814814814
3 0.10833333333333334 0.4152777777777778 0.027604166666666666 0.02546296296296296
3 0.22994791666666667 0.43472222222222223 0.07057291666666667 0.06527777777777778
3 0.23385416666666667 0.3625 0.0328125 0.038425925925925926
3 0.28229166666666666 0.37175925925925923 0.03697916666666667 0.04398148148148148
3 0.25364583333333335 0.3976851851851852 0.035416666666666666 0.04861111111111111
3 0.36484375 0.38055555555555554 0.06484375 0.05462962962962963
3 0.42473958333333334 0.38425925925925924 0.03619791666666667 0.041666666666666664
3 0.47421875 0.37222222222222223 0.032552083333333336 0.037037037037037035
3 0.3966145833333333 0.42407407407407405 0.019010416666666665 0.03611111111111111
3 0.12291666666666666 0.4810185185185185 0.030208333333333334 0.034722222222222224
