3 0.30625 0.2212962962962963 0.0234375 0.037037037037037035
3 0.33671875 0.2337962962962963 0.03307291666666667 0.03287037037037037
3 0.38359375 0.2412037037037037 0.03359375 0.0375
3 0.42239583333333336 0.23981481481481481 0.0375 0.05740740740740741
7 0.4609375 0.2050925925925926 0.0375 0.03935185185185185
7 0.3841145833333333 0.20972222222222223 0.03671875 0.033796296296296297
7 0.3497395833333333 0.2037037037037037 0.03463541666666667 0.041666666666666664
2 0.21848958333333332 0.3625 0.030989583333333334 0.07175925925925926
2 0.13046875 0.3384259259259259 0.05963541666666667 0.03935185185185185
3 0.11145833333333334 0.30092592592592593 0.03229166666666667 0.020370370370370372
3 0.15859375 0.275 0.010677083333333334 0.020370370370370372
3 0.02578125 0.22777777777777777 0.039322916666666666 0.04351851851851852
