3 0.10729166666666666 0.2310185185185185 0.01875 0.02824074074074074
3 0.0625 0.22870370370370371 0.0171875 0.022222222222222223
3 0.08723958333333333 0.23287037037037037 0.006510416666666667 0.015277777777777777
3 0.1890625 0.2125 0.018229166666666668 0.01990740740740741
3 0.3338541666666667 0.23703703703703705 0.027083333333333334 0.032407407407407406
3 0.3177083333333333 0.2449074074074074 0.016666666666666666 0.020833333333333332
3 0.2947916666666667 0.24212962962962964 0.021875 0.03194444444444444
3 0.3611979166666667 0.31157407407407406 0.03046875 0.033796296296296297
3 0.41015625 0.3199074074074074 0.032552083333333336 0.03657407407407407
3 0.19713541666666667 0.38796296296296295 0.015364583333333333 0.020370370370370372
