3 0.04114583333333333 0.21296296296296297 0.04479166666666667 0.041666666666666664
3 0.05234375 0.275 0.06171875 0.06296296296296296
3 0.11744791666666667 0.23657407407407408 0.05755208333333333 0.06435185185185185
3 0.13567708333333334 0.20833333333333334 0.02734375 0.04814814814814815
3 0.18151041666666667 0.22268518518518518 0.04296875 0.05138888888888889
3 0.23932291666666666 0.23657407407407408 0.04192708333333333 0.047685185185185185
3 0.30572916666666666 0.22870370370370371 0.0515625 0.046296296296296294
3 0.44192708333333336 0.23425925925925925 0.039322916666666666 0.05648148148148148
3 0.4825520833333333 0.23333333333333334 0.02578125 0.03981481481481482
3 0.3893229166666667 0.23703703703703705 0.04244791666666667 0.040740740740740744
