3 0.27395833333333336 0.19768518518518519 0.01875 0.031018518518518518
3 0.37135416666666665 0.21342592592592594 0.0171875 0.03194444444444444
3 0.34140625 0.20879629629629629 0.017447916666666667 0.03009259259259259
3 0.30052083333333335 0.2657407407407407 0.024479166666666666 0.025925925925925925
3 0.14114583333333333 0.22685185185185186 0.019270833333333334 0.025
3 0.16901041666666666 0.20787037037037037 0.02578125 0.04953703703703704
3 0.23932291666666666 0.3416666666666667 0.027864583333333335 0.03796296296296296
3 0.08411458333333334 0.19166666666666668 0.021614583333333333 0.023148148148148147
3 0.04895833333333333 0.1875 0.0171875 0.022685185185185187
3 0.07265625 0.20879629629629629 0.016927083333333332 0.01712962962962963
3 0.07942708333333333 0.2449074074074074 0.02265625 0.02361111111111111
3 0.42864583333333334 0.20324074074074075 0.013020833333333334 0.018055555555555554
