3 0.019270833333333334 0.24722222222222223 0.0328125 0.04351851851851852
3 0.0765625 0.23472222222222222 0.06197916666666667 0.05138888888888889
3 0.1359375 0.24305555555555555 0.04010416666666667 0.04212962962962963
3 0.16953125 0.24027777777777778 0.029427083333333333 0.04490740740740741
3 0.20130208333333333 0.23564814814814813 0.03203125 0.04861111111111111
3 0.2421875 0.22268518518518518 0.052083333333333336 0.052314814814814814
3 0.2942708333333333 0.24074074074074073 0.0296875 0.03425925925925926
3 0.40625 0.22685185185185186 0.053125 0.053703703703703705
3 0.3653645833333333 0.23055555555555557 0.01171875 0.018518518518518517
3 0.32109375 0.2361111111111111 0.01015625 0.01574074074074074
2 0.18255208333333334 0.2953703703703704 0.03984375 0.04259259259259259
2 0.3263020833333333 0.36574074074074076 0.08828125 0.06481481481481481
2 0.2828125 0.45185185185185184 0.08333333333333333 0.06851851851851852
