3 0.10442708333333334 0.25555555555555554 0.03671875 0.032407407407407406
3 0.08255208333333333 0.26064814814814813 0.012760416666666666 0.020833333333333332
3 0.054427083333333334 0.26481481481481484 0.020572916666666666 0.019444444444444445
3 0.13958333333333334 0.26157407407407407 0.027604166666666666 0.02546296296296296
3 0.17135416666666667 0.25416666666666665 0.034375 0.02638888888888889
3 0.19869791666666667 0.2490740740740741 0.023177083333333334 0.025925925925925925
3 0.23359375 0.2490740740740741 0.021614583333333333 0.019444444444444445
3 0.2596354166666667 0.2300925925925926 0.03307291666666667 0.05324074074074074
3 0.29140625 0.2439814814814815 0.032552083333333336 0.02824074074074074
3 0.32526041666666666 0.2300925925925926 0.03359375 0.03564814814814815
3 0.35598958333333336 0.22592592592592592 0.02734375 0.032407407407407406
3 0.39140625 0.2310185185185185 0.04192708333333333 0.033796296296296297
3 0.38255208333333335 0.29953703703703705 0.010677083333333334 0.020833333333333332
3 0.4908854166666667 0.21944444444444444 0.01328125 0.023148148148148147
