2 0.25677083333333334 0.1712962962962963 0.03229166666666667 0.03425925925925926
2 0.20833333333333334 0.1712962962962963 0.028645833333333332 0.03425925925925926
2 0.09557291666666666 0.24259259259259258 0.07265625 0.07685185185185185
2 0.05572916666666667 0.29074074074074074 0.078125 0.1388888888888889
3 0.42604166666666665 0.16898148148148148 0.0234375 0.031018518518518518
3 0.47630208333333335 0.1648148148148148 0.02890625 0.03796296296296296
3 0.321875 0.1648148148148148 0.023958333333333335 0.032407407407407406
8 0.42630208333333336 0.14583333333333334 0.04348958333333333 0.07546296296296297
8 0.36640625 0.1486111111111111 0.04140625 0.056018518518518516
8 0.32395833333333335 0.1388888888888889 0.036458333333333336 0.04537037037037037
