3 0.2484375 0.30787037037037035 0.04114583333333333 0.038425925925925926
3 0.18880208333333334 0.3074074074074074 0.047135416666666666 0.04722222222222222
3 0.11640625 0.2935185185185185 0.07005208333333333 0.046296296296296294
3 0.03854166666666667 0.2884259259259259 0.025520833333333333 0.02546296296296296
3 0.015885416666666666 0.29259259259259257 0.015885416666666666 0.024074074074074074
3 0.30234375 0.3537037037037037 0.02890625 0.03333333333333333
3 0.47552083333333334 0.30925925925925923 0.030729166666666665 0.04351851851851852
3 0.44036458333333334 0.3175925925925926 0.05182291666666667 0.06851851851851852
3 0.37890625 0.3087962962962963 0.06276041666666667 0.05416666666666667
3 0.34869791666666666 0.3472222222222222 0.023177083333333334 0.025925925925925925
3 0.2682291666666667 0.2777777777777778 0.0203125 0.017592592592592594
3 0.23229166666666667 0.2513888888888889 0.0234375 0.029166666666666667
3 0.21354166666666666 0.2587962962962963 0.042708333333333334 0.033796296296296297
3 0.17786458333333333 0.2587962962962963 0.02421875 0.020833333333333332
3 0.37864583333333335 0.39444444444444443 0.043229166666666666 0.030555555555555555
3 0.06354166666666666 0.38425925925925924 0.06614583333333333 0.04259259259259259
