3 0.2877604166666667 0.18333333333333332 0.029947916666666668 0.03148148148148148
3 0.4471354166666667 0.1814814814814815 0.06171875 0.06111111111111111
3 0.25859375 0.17777777777777778 0.024739583333333332 0.037037037037037035
3 0.21067708333333332 0.17777777777777778 0.04401041666666667 0.04351851851851852
3 0.15885416666666666 0.17731481481481481 0.0390625 0.033796296296296297
3 0.13489583333333333 0.17407407407407408 0.019270833333333334 0.027777777777777776
3 0.10963541666666667 0.17962962962962964 0.029947916666666668 0.03981481481481482
3 0.09270833333333334 0.23703703703703705 0.0203125 0.030555555555555555
3 0.29322916666666665 0.4060185185185185 0.020833333333333332 0.03657407407407407
0 0.22447916666666667 0.13287037037037036 0.059375 0.04212962962962963
0 0.28958333333333336 0.1486111111111111 0.05260416666666667 0.03564814814814815
