3 0.04583333333333333 0.15092592592592594 0.0421875 0.026851851851851852
3 0.11223958333333334 0.15694444444444444 0.03203125 0.022685185185185187
3 0.17005208333333333 0.14305555555555555 0.05026041666666667 0.04212962962962963
3 0.26484375 0.14814814814814814 0.03515625 0.03518518518518519
3 0.46796875 0.14907407407407408 0.03828125 0.028703703703703703
3 0.40598958333333335 0.12407407407407407 0.02109375 0.021296296296296296
3 0.35078125 0.1300925925925926 0.030989583333333334 0.031018518518518518
3 0.32916666666666666 0.14351851851851852 0.033854166666666664 0.041666666666666664
9 0.109375 0.225 0.16666666666666666 0.07314814814814814
9 0.31484375 0.22083333333333333 0.15911458333333334 0.0625
