8 0.22942708333333334 0.1986111111111111 0.024739583333333332 0.02824074074074074
3 0.45338541666666665 0.21388888888888888 0.05130208333333333 0.04259259259259259
3 0.44895833333333335 0.2587962962962963 0.071875 0.06805555555555555
3 0.4005208333333333 0.20324074074074075 0.03802083333333333 0.04861111111111111
3 0.34375 0.2 0.05520833333333333 0.05925925925925926
3 0.30572916666666666 0.22546296296296298 0.026041666666666668 0.029166666666666667
3 0.1171875 0.28888888888888886 0.0234375 0.021296296296296296
3 0.06666666666666667 0.2800925925925926 0.0125 0.01712962962962963
3 0.07916666666666666 0.25601851851851853 0.015104166666666667 0.015277777777777777
3 0.09947916666666666 0.23472222222222222 0.028125 0.024537037037037038
3 0.17369791666666667 0.24074074074074073 0.01953125 0.026851851851851852
3 0.16979166666666667 0.21157407407407408 0.019270833333333334 0.02546296296296296
3 0.044270833333333336 0.2513888888888889 0.025 0.02824074074074074
