9 0.08411458333333334 0.25092592592592594 0.08671875 0.06574074074074074
9 0.21692708333333333 0.26157407407407407 0.11953125 0.07916666666666666
9 0.37942708333333336 0.2611111111111111 0.14401041666666667 0.06388888888888888
3 0.04609375 0.14675925925925926 0.020052083333333335 0.02361111111111111
3 0.025 0.15416666666666667 0.029166666666666667 0.027314814814814816
3 0.15807291666666667 0.15 0.020572916666666666 0.025
3 0.09557291666666666 0.1425925925925926 0.020572916666666666 0.022222222222222223
3 0.3450520833333333 0.16435185185185186 0.01953125 0.02361111111111111
3 0.46197916666666666 0.17962962962962964 0.027083333333333334 0.030555555555555555
3 0.31692708333333336 0.16666666666666666 0.02265625 0.028703703703703703
