3 0.48020833333333335 0.2013888888888889 0.029166666666666667 0.06435185185185185
3 0.44869791666666664 0.2013888888888889 0.03411458333333333 0.06527777777777778
3 0.40572916666666664 0.20972222222222223 0.046875 0.06157407407407407
3 0.31953125 0.23796296296296296 0.04453125 0.04814814814814815
3 0.2828125 0.22870370370370371 0.029166666666666667 0.03518518518518519
3 0.27838541666666666 0.2796296296296296 0.05390625 0.046296296296296294
3 0.32083333333333336 0.29583333333333334 0.03854166666666667 0.03194444444444444
3 0.3768229166666667 0.30787037037037035 0.026822916666666665 0.02361111111111111
3 0.22604166666666667 0.2986111111111111 0.04375 0.0412037037037037
3 0.23072916666666668 0.20324074074074075 0.034895833333333334 0.04675925925925926
3 0.24453125 0.23194444444444445 0.02578125 0.031018518518518518
3 0.17838541666666666 0.24166666666666667 0.03723958333333333 0.06111111111111111
3 0.14869791666666668 0.2759259259259259 0.026822916666666665 0.04814814814814815
3 0.04635416666666667 0.41574074074074074 0.026041666666666668 0.040740740740740744
3 0.36276041666666664 0.17824074074074073 0.014322916666666666 0.03287037037037037
3 0.33489583333333334 0.17731481481481481 0.016145833333333335 0.033796296296296297
