3 0.03854166666666667 0.14074074074074075 0.0515625 0.03611111111111111
3 0.10703125 0.14953703703703702 0.03307291666666667 0.031018518518518518
3 0.14609375 0.1527777777777778 0.01953125 0.022222222222222223
3 0.19427083333333334 0.14537037037037037 0.029166666666666667 0.021296296296296296
3 0.39869791666666665 0.1625 0.03411458333333333 0.03564814814814815
3 0.43802083333333336 0.16527777777777777 0.027083333333333334 0.04027777777777778
3 0.2760416666666667 0.16944444444444445 0.04010416666666667 0.03611111111111111
3 0.32083333333333336 0.16157407407407406 0.025520833333333333 0.027314814814814816
9 0.09817708333333333 0.2601851851851852 0.10911458333333333 0.09907407407407408
9 0.22447916666666667 0.26481481481481484 0.0890625 0.07222222222222222
9 0.36640625 0.2712962962962963 0.11536458333333334 0.09166666666666666
