3 0.08359375 0.225 0.017447916666666667 0.01574074074074074
3 0.36328125 0.21342592592592594 0.02265625 0.02361111111111111
3 0.3893229166666667 0.2490740740740741 0.013802083333333333 0.01574074074074074
3 0.41302083333333334 0.21388888888888888 0.015625 0.023148148148148147
3 0.26171875 0.19537037037037036 0.020052083333333335 0.025
3 0.2864583333333333 0.21342592592592594 0.018229166666666668 0.02361111111111111
2 0.346875 0.3851851851851852 0.08333333333333333 0.08333333333333333
2 0.18020833333333333 0.29212962962962963 0.058333333333333334 0.07916666666666666
4 0.2078125 0.18055555555555555 0.0375 0.027777777777777776
4 0.15677083333333333 0.17777777777777778 0.030729166666666665 0.024074074074074074
