3 0.13645833333333332 0.1361111111111111 0.016666666666666666 0.020370370370370372
3 0.11536458333333334 0.1287037037037037 0.008072916666666667 0.013888888888888888
3 0.09817708333333333 0.12638888888888888 0.009114583333333334 0.0125
3 0.07760416666666667 0.12685185185185185 0.013541666666666667 0.017592592592592594
3 0.05026041666666667 0.12685185185185185 0.012239583333333333 0.016666666666666666
3 0.014583333333333334 0.12962962962962962 0.016145833333333335 0.017592592592592594
3 0.032552083333333336 0.13518518518518519 0.008072916666666667 0.023148148148148147
9 0.078125 0.2 0.10989583333333333 0.05740740740740741
9 0.22291666666666668 0.2162037037037037 0.11770833333333333 0.05416666666666667
9 0.37994791666666666 0.22407407407407406 0.12109375 0.05
