3 0.45208333333333334 0.1685185185185185 0.027083333333333334 0.026851851851851852
3 0.37213541666666666 0.16574074074074074 0.02734375 0.021296296296296296
3 0.3328125 0.16018518518518518 0.030729166666666665 0.030555555555555555
3 0.30546875 0.16342592592592592 0.025260416666666667 0.03009259259259259
3 0.2375 0.16666666666666666 0.03333333333333333 0.026851851851851852
3 0.27890625 0.17407407407407408 0.019010416666666665 0.023148148148148147
3 0.17708333333333334 0.16296296296296298 0.030729166666666665 0.028703703703703703
3 0.11354166666666667 0.16898148148148148 0.0171875 0.01898148148148148
3 0.14427083333333332 0.1486111111111111 0.016145833333333335 0.016203703703703703
3 0.06041666666666667 0.16898148148148148 0.017708333333333333 0.02175925925925926
3 0.04140625 0.1648148148148148 0.01953125 0.022222222222222223
3 0.02734375 0.1685185185185185 0.025260416666666667 0.023148148148148147
9 0.09401041666666667 0.2310185185185185 0.11484375 0.06620370370370371
9 0.23072916666666668 0.2300925925925926 0.10833333333333334 0.056018518518518516
9 0.37005208333333334 0.22870370370370371 0.12473958333333333 0.05092592592592592
