3 0.11484375 0.26064814814814813 0.032552083333333336 0.04675925925925926
3 0.08072916666666667 0.3384259259259259 0.046875 0.06342592592592593
3 0.06458333333333334 0.27314814814814814 0.027083333333333334 0.03518518518518519
3 0.06848958333333334 0.22314814814814815 0.02421875 0.04259259259259259
3 0.03984375 0.24953703703703703 0.04505208333333333 0.0625
3 0.18489583333333334 0.23472222222222222 0.025520833333333333 0.03935185185185185
3 0.27578125 0.20416666666666666 0.031510416666666666 0.04675925925925926
3 0.28828125 0.24305555555555555 0.061197916666666664 0.055092592592592596
3 0.36796875 0.2074074074074074 0.053385416666666664 0.06018518518518518
3 0.4393229166666667 0.19583333333333333 0.047135416666666666 0.04583333333333333
3 0.45989583333333334 0.28425925925925927 0.040625 0.03796296296296296
3 0.37213541666666666 0.27546296296296297 0.02578125 0.04490740740740741
3 0.16796875 0.2949074074074074 0.031510416666666666 0.033796296296296297
3 0.14453125 0.3175925925925926 0.019010416666666665 0.04259259259259259
3 0.16276041666666666 0.4009259259259259 0.021614583333333333 0.04351851851851852
