3 0.18151041666666667 0.24814814814814815 0.025260416666666667 0.03981481481481482
3 0.11276041666666667 0.22870370370370371 0.02890625 0.037037037037037035
3 0.15416666666666667 0.2884259259259259 0.04583333333333333 0.031018518518518518
3 0.1203125 0.29074074074074074 0.020833333333333332 0.044444444444444446
3 0.08489583333333334 0.3 0.023958333333333335 0.022222222222222223
3 0.0265625 0.29814814814814816 0.043229166666666666 0.041666666666666664
3 0.08697916666666666 0.3509259259259259 0.04010416666666667 0.044444444444444446
3 0.03984375 0.3851851851851852 0.06536458333333334 0.062037037037037036
3 0.32265625 0.18009259259259258 0.02109375 0.03657407407407407
3 0.39791666666666664 0.2074074074074074 0.04791666666666667 0.04351851851851852
2 0.2140625 0.36666666666666664 0.06197916666666667 0.062037037037037036
2 0.16927083333333334 0.43703703703703706 0.10729166666666666 0.06944444444444445
2 0.40651041666666665 0.40185185185185185 0.06536458333333334 0.1
