3 0.43255208333333334 0.15416666666666667 0.03619791666666667 0.04398148148148148
3 0.37109375 0.1486111111111111 0.05390625 0.06898148148148148
3 0.3140625 0.1537037037037037 0.05625 0.05462962962962963
3 0.26067708333333334 0.15462962962962962 0.046614583333333334 0.05740740740740741
3 0.19427083333333334 0.15185185185185185 0.053125 0.06111111111111111
3 0.16067708333333333 0.15833333333333333 0.03307291666666667 0.04351851851851852
3 0.16588541666666667 0.21481481481481482 0.02109375 0.03333333333333333
3 0.14114583333333333 0.2111111111111111 0.029166666666666667 0.05648148148148148
3 0.11380208333333333 0.21712962962962962 0.029427083333333333 0.038425925925925926
3 0.08671875 0.23055555555555557 0.015885416666666666 0.026851851851851852
3 0.16145833333333334 0.12546296296296297 0.016666666666666666 0.02824074074074074
3 0.23333333333333334 0.1037037037037037 0.04739583333333333 0.06296296296296296
3 0.46458333333333335 0.1361111111111111 0.025520833333333333 0.046296296296296294
