3 0.3572916666666667 0.16435185185185186 0.0328125 0.043055555555555555
3 0.4109375 0.16666666666666666 0.04010416666666667 0.04722222222222222
3 0.4591145833333333 0.16620370370370371 0.03411458333333333 0.04675925925925926
3 0.32057291666666665 0.17222222222222222 0.032552083333333336 0.05462962962962963
3 0.2796875 0.17824074074074073 0.03958333333333333 0.0375
3 0.19661458333333334 0.15787037037037038 0.03411458333333333 0.04490740740740741
3 0.1171875 0.1712962962962963 0.030208333333333334 0.032407407407407406
3 0.10338541666666666 0.2013888888888889 0.05026041666666667 0.06712962962962964
3 0.0609375 0.22453703703703703 0.04895833333333333 0.06620370370370371
3 0.03515625 0.18564814814814815 0.03723958333333333 0.05138888888888889
3 0.16197916666666667 0.17407407407407408 0.028645833333333332 0.04722222222222222
