3 0.07760416666666667 0.30277777777777776 0.025 0.041666666666666664
3 0.055989583333333336 0.33101851851851855 0.04869791666666667 0.0375
3 0.05546875 0.3851851851851852 0.03619791666666667 0.040740740740740744
3 0.12369791666666667 0.3402777777777778 0.028385416666666666 0.034722222222222224
3 0.1234375 0.40879629629629627 0.049479166666666664 0.03657407407407407
3 0.06953125 0.4476851851851852 0.01640625 0.034722222222222224
3 0.209375 0.4115740740740741 0.06041666666666667 0.0763888888888889
3 0.31744791666666666 0.4064814814814815 0.08151041666666667 0.08425925925925926
3 0.3731770833333333 0.36064814814814816 0.04244791666666667 0.06620370370370371
3 0.4244791666666667 0.36342592592592593 0.015625 0.031018518518518518
3 0.4875 0.3578703703703704 0.013020833333333334 0.029166666666666667
