3 0.23046875 0.23333333333333334 0.09713541666666667 0.08148148148148149
3 0.11692708333333333 0.31203703703703706 0.09921875 0.11851851851851852
3 0.22265625 0.31203703703703706 0.08359375 0.10648148148148148
3 0.19791666666666666 0.36574074074074076 0.07760416666666667 0.09907407407407408
3 0.296875 0.4 0.12083333333333333 0.1037037037037037
3 0.34140625 0.35324074074074074 0.07942708333333333 0.08935185185185185
3 0.4002604166666667 0.3685185185185185 0.038802083333333334 0.044444444444444446
3 0.07447916666666667 0.4564814814814815 0.08958333333333333 0.08425925925925926
3 0.10442708333333334 0.3851851851851852 0.10182291666666667 0.075
3 0.015885416666666666 0.3333333333333333 0.02421875 0.046296296296296294
3 0.04895833333333333 0.29768518518518516 0.034375 0.06157407407407407
