3 0.16744791666666667 0.13194444444444445 0.02265625 0.02361111111111111
3 0.14036458333333332 0.13518518518518519 0.01796875 0.021296296296296296
3 0.14895833333333333 0.15462962962962962 0.021875 0.022222222222222223
3 0.08958333333333333 0.12453703703703704 0.022916666666666665 0.02361111111111111
3 0.065625 0.12361111111111112 0.025520833333333333 0.02175925925925926
3 0.04973958333333333 0.1476851851851852 0.02421875 0.027314814814814816
3 0.023697916666666666 0.15462962962962962 0.02578125 0.026851851851851852
3 0.013541666666666667 0.11666666666666667 0.021875 0.023148148148148147
3 0.0421875 0.12453703703703704 0.019270833333333334 0.022685185185185187
9 0.09401041666666667 0.2064814814814815 0.10026041666666667 0.04814814814814815
9 0.2078125 0.20925925925925926 0.08697916666666666 0.04351851851851852
9 0.3815104166666667 0.23472222222222222 0.15755208333333334 0.07824074074074074
