9 0.09140625 0.23287037037037037 0.12682291666666667 0.07453703703703704
9 0.22838541666666667 0.23333333333333334 0.10494791666666667 0.07222222222222222
9 0.3765625 0.2337962962962963 0.125 0.0699074074074074
3 0.4473958333333333 0.15601851851851853 0.020833333333333332 0.029166666666666667
3 0.46927083333333336 0.14537037037037037 0.021354166666666667 0.03333333333333333
3 0.40572916666666664 0.13518518518518519 0.0140625 0.024074074074074074
3 0.37890625 0.15231481481481482 0.025260416666666667 0.031018518518518518
3 0.35703125 0.1625 0.01484375 0.022685185185185187
3 0.3380208333333333 0.15231481481481482 0.017708333333333333 0.03194444444444444
3 0.2903645833333333 0.15046296296296297 0.02578125 0.03009259259259259
3 0.2328125 0.14537037037037037 0.025520833333333333 0.028703703703703703
3 0.20807291666666666 0.14583333333333334 0.01953125 0.031018518518518518
3 0.16015625 0.1425925925925926 0.021614583333333333 0.025925925925925925
3 0.14322916666666666 0.1587962962962963 0.019270833333333334 0.02824074074074074
3 0.1125 0.14907407407407408 0.0203125 0.030555555555555555
3 0.07708333333333334 0.13935185185185187 0.015104166666666667 0.015277777777777777
3 0.06380208333333333 0.15925925925925927 0.021614583333333333 0.027777777777777776
3 0.04895833333333333 0.13842592592592592 0.022916666666666665 0.024537037037037038
3 0.04401041666666667 0.15601851851851853 0.030989583333333334 0.04490740740740741
