3 0.025 0.225 0.028645833333333332 0.04351851851851852
3 0.06979166666666667 0.32222222222222224 0.041666666666666664 0.05925925925925926
3 0.12708333333333333 0.3333333333333333 0.05572916666666667 0.05092592592592592
3 0.23151041666666666 0.3333333333333333 0.03411458333333333 0.041666666666666664
3 0.28802083333333334 0.3574074074074074 0.0421875 0.058333333333333334
3 0.365625 0.34675925925925927 0.042708333333333334 0.05138888888888889
3 0.36354166666666665 0.2310185185185185 0.028645833333333332 0.033796296296296297
3 0.18567708333333333 0.3435185185185185 0.01640625 0.028703703703703703
3 0.46432291666666664 0.3472222222222222 0.04192708333333333 0.05462962962962963
3 0.4661458333333333 0.25092592592592594 0.025520833333333333 0.040740740740740744
3 0.4122395833333333 0.2310185185185185 0.028385416666666666 0.043055555555555555
3 0.39869791666666665 0.3453703703703704 0.03307291666666667 0.07592592592592592
3 0.16770833333333332 0.4060185185185185 0.024479166666666666 0.05138888888888889
