9 0.08333333333333333 0.262037037037037 0.1234375 0.08888888888888889
9 0.2630208333333333 0.2791666666666667 0.1671875 0.0912037037037037
3 0.4830729166666667 0.1814814814814815 0.029427083333333333 0.03796296296296296
3 0.4427083333333333 0.17777777777777778 0.022916666666666665 0.025
3 0.42421875 0.17685185185185184 0.03046875 0.037037037037037035
3 0.40260416666666665 0.17175925925925925 0.026041666666666668 0.03657407407407407
3 0.3763020833333333 0.16342592592592592 0.022135416666666668 0.02361111111111111
3 0.33958333333333335 0.17037037037037037 0.023958333333333335 0.025925925925925925
3 0.26927083333333335 0.15231481481481482 0.0296875 0.02546296296296296
3 0.22864583333333333 0.16018518518518518 0.026041666666666668 0.030555555555555555
3 0.20859375 0.15694444444444444 0.016927083333333332 0.01712962962962963
3 0.1765625 0.15925925925925927 0.0171875 0.027777777777777776
3 0.1609375 0.15648148148148147 0.018229166666666668 0.025925925925925925
3 0.14036458333333332 0.15138888888888888 0.022135416666666668 0.02546296296296296
3 0.09348958333333333 0.1638888888888889 0.01796875 0.02962962962962963
