9 0.09270833333333334 0.225 0.12708333333333333 0.05
9 0.21822916666666667 0.22453703703703703 0.08020833333333334 0.05138888888888889
9 0.36484375 0.2212962962962963 0.14453125 0.05
3 0.40078125 0.15833333333333333 0.030989583333333334 0.02962962962962963
3 0.375 0.1597222222222222 0.0234375 0.02175925925925926
3 0.31223958333333335 0.1648148148148148 0.03984375 0.022222222222222223
3 0.24661458333333333 0.1648148148148148 0.03463541666666667 0.023148148148148147
3 0.19036458333333334 0.1699074074074074 0.021614583333333333 0.020833333333333332
3 0.11432291666666666 0.16342592592592592 0.047135416666666666 0.03657407407407407
3 0.06510416666666667 0.16620370370370371 0.030208333333333334 0.03009259259259259
