3 0.16927083333333334 0.19814814814814816 0.019270833333333334 0.025925925925925925
3 0.21302083333333333 0.21342592592592594 0.03333333333333333 0.022685185185185187
3 0.21484375 0.17962962962962964 0.029427083333333333 0.03981481481481482
3 0.2578125 0.16805555555555557 0.030729166666666665 0.034722222222222224
3 0.2921875 0.22916666666666666 0.016145833333333335 0.024537037037037038
3 0.32916666666666666 0.22685185185185186 0.021875 0.030555555555555555
3 0.4119791666666667 0.18287037037037038 0.022395833333333334 0.02824074074074074
3 0.38125 0.1736111111111111 0.034375 0.02638888888888889
3 0.14739583333333334 0.23194444444444445 0.028645833333333332 0.02546296296296296
3 0.08515625 0.19768518518518519 0.04453125 0.06157407407407407
