9 0.0875 0.23194444444444445 0.1078125 0.06620370370370371
9 0.21822916666666667 0.22824074074074074 0.10572916666666667 0.059722222222222225
9 0.3502604166666667 0.23703703703703705 0.12109375 0.06111111111111111
3 0.4549479166666667 0.15324074074074073 0.019010416666666665 0.01990740740740741
3 0.39505208333333336 0.1685185185185185 0.03619791666666667 0.028703703703703703
3 0.29921875 0.15601851851851853 0.026302083333333334 0.03009259259259259
3 0.22291666666666668 0.1712962962962963 0.023958333333333335 0.025
3 0.17005208333333333 0.1712962962962963 0.020572916666666666 0.023148148148148147
3 0.14270833333333333 0.16527777777777777 0.0203125 0.024537037037037038
3 0.121875 0.16203703703703703 0.024479166666666666 0.025
3 0.07161458333333333 0.16898148148148148 0.02265625 0.02361111111111111
3 0.04479166666666667 0.16342592592592592 0.03229166666666667 0.033796296296296297
