3 0.12473958333333333 0.29398148148148145 0.04088541666666667 0.04027777777777778
3 0.06197916666666667 0.2884259259259259 0.0609375 0.04490740740740741
3 0.19635416666666666 0.3023148148148148 0.04635416666666667 0.03935185185185185
3 0.22552083333333334 0.3416666666666667 0.019270833333333334 0.03333333333333333
3 0.31953125 0.3013888888888889 0.054427083333333334 0.03935185185185185
3 0.36796875 0.30092592592592593 0.03567708333333333 0.04814814814814815
3 0.42291666666666666 0.2953703703703704 0.058333333333333334 0.062037037037037036
3 0.23125 0.27546296296296297 0.01875 0.024537037037037038
3 0.17942708333333332 0.25416666666666665 0.03046875 0.034722222222222224
3 0.3067708333333333 0.3685185185185185 0.016145833333333335 0.027777777777777776
3 0.28151041666666665 0.38472222222222224 0.04296875 0.03194444444444444
