3 0.19010416666666666 0.1574074074074074 0.019270833333333334 0.024074074074074074
3 0.16822916666666668 0.15462962962962962 0.013020833333333334 0.019444444444444445
3 0.12708333333333333 0.15046296296296297 0.020833333333333332 0.031018518518518518
3 0.08255208333333333 0.14212962962962963 0.012760416666666666 0.0125
3 0.07994791666666666 0.16342592592592592 0.011197916666666667 0.01990740740740741
3 0.33619791666666665 0.16064814814814815 0.01796875 0.01990740740740741
3 0.4734375 0.1712962962962963 0.020833333333333332 0.024074074074074074
9 0.1109375 0.23703703703703705 0.1265625 0.07314814814814814
9 0.24296875 0.24675925925925926 0.09088541666666666 0.06898148148148148
9 0.3848958333333333 0.25324074074074077 0.12552083333333333 0.08194444444444444
