8 0.4401041666666667 0.17731481481481481 0.052083333333333336 0.06435185185185185
8 0.36770833333333336 0.16666666666666666 0.03802083333333333 0.044444444444444446
8 0.3229166666666667 0.15648148148148147 0.0375 0.02962962962962963
8 0.1359375 0.16157407407407406 0.027604166666666666 0.01712962962962963
8 0.10260416666666666 0.15694444444444444 0.026041666666666668 0.03287037037037037
8 0.05625 0.16712962962962963 0.03697916666666667 0.03009259259259259
9 0.19505208333333332 0.17731481481481481 0.03567708333333333 0.027314814814814816
9 0.15104166666666666 0.19074074074074074 0.03802083333333333 0.026851851851851852
9 0.10416666666666667 0.20416666666666666 0.043229166666666666 0.04583333333333333
9 0.04921875 0.22268518518518518 0.06015625 0.04861111111111111
