3 0.425 0.11574074074074074 0.04739583333333333 0.05740740740740741
3 0.3846354166666667 0.12083333333333333 0.038802083333333334 0.06157407407407407
3 0.2984375 0.13333333333333333 0.0453125 0.06759259259259259
3 0.2716145833333333 0.19490740740740742 0.05755208333333333 0.08101851851851852
3 0.30442708333333335 0.25416666666666665 0.06588541666666667 0.0763888888888889
3 0.30026041666666664 0.3458333333333333 0.09401041666666667 0.12175925925925926
3 0.1109375 0.3106481481481482 0.044270833333333336 0.06898148148148148
3 0.05963541666666667 0.3449074074074074 0.06901041666666667 0.09675925925925925
3 0.040625 0.4148148148148148 0.04895833333333333 0.0712962962962963
3 0.13645833333333332 0.19398148148148148 0.05416666666666667 0.11898148148148148
