3 0.3859375 0.14027777777777778 0.05625 0.03657407407407407
3 0.30520833333333336 0.15092592592592594 0.06197916666666667 0.037037037037037035
3 0.21666666666666667 0.1449074074074074 0.05520833333333333 0.03564814814814815
3 0.15807291666666667 0.14953703703703702 0.03515625 0.03935185185185185
3 0.07395833333333333 0.14953703703703702 0.0265625 0.03287037037037037
3 0.059895833333333336 0.1597222222222222 0.026041666666666668 0.029166666666666667
3 0.02421875 0.15416666666666667 0.03619791666666667 0.04398148148148148
3 0.12395833333333334 0.14675925925925926 0.04114583333333333 0.043055555555555555
4 0.07447916666666667 0.2300925925925926 0.1109375 0.09212962962962963
4 0.19817708333333334 0.225 0.09348958333333333 0.07962962962962963
4 0.3807291666666667 0.2175925925925926 0.140625 0.08888888888888889
