3 0.2747395833333333 0.1550925925925926 0.032552083333333336 0.03935185185185185
3 0.24114583333333334 0.20555555555555555 0.021354166666666667 0.027777777777777776
3 0.22578125 0.18055555555555555 0.021614583333333333 0.026851851851851852
3 0.20546875 0.2013888888888889 0.02421875 0.02546296296296296
3 0.17708333333333334 0.2101851851851852 0.022916666666666665 0.030555555555555555
3 0.16458333333333333 0.3337962962962963 0.03177083333333333 0.031018518518518518
3 0.41432291666666665 0.275 0.02890625 0.03981481481481482
3 0.30052083333333335 0.20555555555555555 0.027604166666666666 0.04351851851851852
2 0.24453125 0.3824074074074074 0.06640625 0.08981481481481482
2 0.1453125 0.4064814814814815 0.07552083333333333 0.10185185185185185
2 0.24010416666666667 0.2861111111111111 0.06927083333333334 0.08703703703703704
