3 0.22526041666666666 0.27685185185185185 0.04140625 0.05185185185185185
3 0.2794270833333333 0.2810185185185185 0.055989583333333336 0.038425925925925926
3 0.353125 0.23472222222222222 0.041666666666666664 0.06435185185185185
3 0.4796875 0.2833333333333333 0.026041666666666668 0.03888888888888889
3 0.19270833333333334 0.22962962962962963 0.04739583333333333 0.05740740740740741
3 0.11354166666666667 0.22870370370370371 0.0421875 0.06851851851851852
3 0.06458333333333334 0.23148148148148148 0.04010416666666667 0.06018518518518518
3 0.15078125 0.29259259259259257 0.04296875 0.028703703703703703
3 0.12057291666666667 0.2773148148148148 0.015885416666666666 0.020833333333333332
3 0.3619791666666667 0.16666666666666666 0.026041666666666668 0.02962962962962963
3 0.396875 0.19953703703703704 0.0265625 0.04583333333333333
