3 0.165625 0.18796296296296297 0.016145833333333335 0.02962962962962963
3 0.19427083333333334 0.19814814814814816 0.025 0.03611111111111111
3 0.0265625 0.3143518518518518 0.03802083333333333 0.0375
3 0.1921875 0.3175925925925926 0.03125 0.05555555555555555
3 0.3065104166666667 0.2912037037037037 0.06328125 0.07175925925925926
3 0.36484375 0.31666666666666665 0.045572916666666664 0.09166666666666666
3 0.4546875 0.3074074074074074 0.07864583333333333 0.12685185185185185
3 0.403125 0.3226851851851852 0.049479166666666664 0.07916666666666666
8 0.26145833333333335 0.1787037037037037 0.058854166666666666 0.0824074074074074
3 0.16692708333333334 0.35324074074074074 0.017447916666666667 0.033796296296296297
