3 0.21458333333333332 0.20972222222222223 0.0234375 0.031018518518518518
3 0.21588541666666666 0.1625 0.020572916666666666 0.03287037037037037
3 0.24713541666666666 0.1550925925925926 0.02734375 0.03564814814814815
3 0.3 0.17824074074074073 0.024479166666666666 0.03564814814814815
3 0.3580729166666667 0.1648148148148148 0.031510416666666666 0.028703703703703703
3 0.35 0.18194444444444444 0.022395833333333334 0.031018518518518518
3 0.33125 0.1962962962962963 0.016666666666666666 0.023148148148148147
3 0.47369791666666666 0.25416666666666665 0.04401041666666667 0.03657407407407407
3 0.4713541666666667 0.20787037037037037 0.0390625 0.04675925925925926
3 0.16875 0.22083333333333333 0.020833333333333332 0.02546296296296296
3 0.13046875 0.21666666666666667 0.024739583333333332 0.028703703703703703
3 0.08880208333333334 0.22407407407407406 0.03515625 0.03148148148148148
3 0.07083333333333333 0.16342592592592592 0.0171875 0.020833333333333332
3 0.05546875 0.22361111111111112 0.03671875 0.043055555555555555
3 0.18515625 0.36203703703703705 0.03984375 0.04351851851851852
