9 0.1296875 0.2550925925925926 0.16927083333333334 0.09768518518518518
9 0.32473958333333336 0.2518518518518518 0.14557291666666666 0.0962962962962963
3 0.4549479166666667 0.175 0.03411458333333333 0.041666666666666664
3 0.2591145833333333 0.1527777777777778 0.030989583333333334 0.03888888888888889
3 0.22161458333333334 0.1527777777777778 0.03307291666666667 0.04351851851851852
3 0.10520833333333333 0.13148148148148148 0.029166666666666667 0.032407407407407406
3 0.07005208333333333 0.13425925925925927 0.02109375 0.026851851851851852
3 0.08619791666666667 0.16435185185185186 0.03203125 0.03935185185185185
3 0.03411458333333333 0.14027777777777778 0.037760416666666664 0.04027777777777778
3 0.39375 0.15833333333333333 0.028645833333333332 0.04537037037037037
