2 0.24973958333333332 0.2865740740740741 0.026822916666666665 0.0763888888888889
2 0.2643229166666667 0.39305555555555555 0.04401041666666667 0.09212962962962963
2 0.20833333333333334 0.4550925925925926 0.07395833333333333 0.06435185185185185
2 0.09479166666666666 0.45092592592592595 0.08541666666666667 0.046296296296296294
3 0.3026041666666667 0.2361111111111111 0.009375 0.019444444444444445
3 0.36302083333333335 0.2569444444444444 0.030208333333333334 0.02546296296296296
3 0.44166666666666665 0.300462962962963 0.043229166666666666 0.03657407407407407
3 0.33489583333333334 0.24583333333333332 0.014583333333333334 0.02638888888888889
3 0.046614583333333334 0.21898148148148147 0.04453125 0.034722222222222224
8 0.08854166666666667 0.22453703703703703 0.0296875 0.031018518518518518
8 0.03697916666666667 0.26666666666666666 0.065625 0.05648148148148148
