3 0.38046875 0.1865740740740741 0.026302083333333334 0.02824074074074074
3 0.3484375 0.18194444444444444 0.0171875 0.027314814814814816
3 0.31640625 0.18796296296296297 0.03463541666666667 0.03425925925925926
3 0.25885416666666666 0.18287037037037038 0.04010416666666667 0.033796296296296297
3 0.22916666666666666 0.17962962962962964 0.019791666666666666 0.020370370370370372
3 0.209375 0.18333333333333332 0.0265625 0.02962962962962963
3 0.23385416666666667 0.25277777777777777 0.014583333333333334 0.028703703703703703
3 0.26614583333333336 0.21666666666666667 0.023958333333333335 0.025
3 0.3020833333333333 0.32592592592592595 0.021875 0.025
3 0.36041666666666666 0.42268518518518516 0.0171875 0.022685185185185187
