3 0.48463541666666665 0.17731481481481481 0.02578125 0.043055555555555555
3 0.44427083333333334 0.1787037037037037 0.029166666666666667 0.041666666666666664
3 0.40677083333333336 0.18009259259259258 0.030208333333333334 0.043055555555555555
3 0.37890625 0.1824074074074074 0.030989583333333334 0.040740740740740744
3 0.34401041666666665 0.2324074074074074 0.03359375 0.049074074074074076
3 0.3015625 0.20879629629629629 0.03125 0.05694444444444444
3 0.26614583333333336 0.2074074074074074 0.0296875 0.05277777777777778
3 0.22942708333333334 0.15185185185185185 0.03307291666666667 0.05185185185185185
3 0.2669270833333333 0.16805555555555557 0.022135416666666668 0.03657407407407407
3 0.17916666666666667 0.17685185185185184 0.03333333333333333 0.04722222222222222
3 0.11666666666666667 0.16944444444444445 0.024479166666666666 0.03333333333333333
3 0.10651041666666666 0.21342592592592594 0.05963541666666667 0.0412037037037037
3 0.05963541666666667 0.1814814814814815 0.03203125 0.04537037037037037
3 0.033854166666666664 0.22962962962962963 0.022916666666666665 0.04259259259259259
3 0.21145833333333333 0.26666666666666666 0.03177083333333333 0.03518518518518519
