3 0.07760416666666667 0.2101851851851852 0.028125 0.03333333333333333
3 0.054427083333333334 0.2462962962962963 0.03046875 0.06111111111111111
3 0.10520833333333333 0.24953703703703703 0.041666666666666664 0.05138888888888889
3 0.0453125 0.4125 0.027083333333333334 0.043055555555555555
3 0.0703125 0.362962962962963 0.030729166666666665 0.03981481481481482
3 0.25078125 0.3509259259259259 0.04453125 0.053703703703703705
3 0.23671875 0.39305555555555555 0.02734375 0.03194444444444444
3 0.30364583333333334 0.18055555555555555 0.01875 0.03333333333333333
3 0.35911458333333335 0.17546296296296296 0.02734375 0.031018518518518518
3 0.3380208333333333 0.18888888888888888 0.023958333333333335 0.03796296296296296
3 0.209375 0.16111111111111112 0.016145833333333335 0.027777777777777776
3 0.2390625 0.2199074074074074 0.025520833333333333 0.03564814814814815
3 0.24479166666666666 0.1587962962962963 0.019791666666666666 0.04027777777777778
3 0.19244791666666666 0.2675925925925926 0.030989583333333334 0.04814814814814815
