3 0.019791666666666666 0.16342592592592592 0.0125 0.020833333333333332
3 0.015364583333333333 0.14629629629629629 0.015364583333333333 0.016666666666666666
3 0.06354166666666666 0.15555555555555556 0.030729166666666665 0.028703703703703703
3 0.08880208333333334 0.14537037037037037 0.018489583333333334 0.023148148148148147
3 0.115625 0.14166666666666666 0.025520833333333333 0.03796296296296296
3 0.13854166666666667 0.16944444444444445 0.0171875 0.027777777777777776
3 0.18307291666666667 0.1310185185185185 0.024739583333333332 0.029166666666666667
3 0.18515625 0.1685185185185185 0.024739583333333332 0.023148148148148147
3 0.20885416666666667 0.13796296296296295 0.016666666666666666 0.025925925925925925
3 0.23489583333333333 0.13148148148148148 0.015104166666666667 0.021296296296296296
3 0.2669270833333333 0.12962962962962962 0.02265625 0.023148148148148147
3 0.33151041666666664 0.17083333333333334 0.01171875 0.01712962962962963
3 0.35520833333333335 0.1550925925925926 0.019270833333333334 0.033796296296296297
3 0.45859375 0.15185185185185185 0.01640625 0.03611111111111111
3 0.4890625 0.1449074074074074 0.011979166666666667 0.033796296296296297
9 0.1265625 0.25462962962962965 0.178125 0.09351851851851851
9 0.34088541666666666 0.2587962962962963 0.19869791666666667 0.07916666666666666
