3 0.14453125 0.15138888888888888 0.017447916666666667 0.027314814814814816
9 0.11614583333333334 0.15138888888888888 0.013541666666666667 0.016203703703703703
3 0.08020833333333334 0.14675925925925926 0.014583333333333334 0.018055555555555554
3 0.0328125 0.14166666666666666 0.0109375 0.023148148148148147
3 0.24270833333333333 0.15601851851851853 0.030208333333333334 0.034722222222222224
3 0.4552083333333333 0.1712962962962963 0.023958333333333335 0.030555555555555555
3 0.28828125 0.16157407407407406 0.021614583333333333 0.01898148148148148
9 0.11380208333333333 0.2388888888888889 0.14557291666666666 0.07685185185185185
9 0.27708333333333335 0.24212962962962964 0.10416666666666667 0.0699074074074074
9 0.39505208333333336 0.2439814814814815 0.07786458333333333 0.0587962962962963
