3 0.2942708333333333 0.175 0.019791666666666666 0.028703703703703703
3 0.31744791666666666 0.15416666666666667 0.02109375 0.03564814814814815
3 0.3411458333333333 0.19074074074074074 0.019791666666666666 0.025
3 0.3645833333333333 0.22916666666666666 0.0296875 0.04861111111111111
3 0.41067708333333336 0.25 0.030989583333333334 0.041666666666666664
3 0.4515625 0.300462962962963 0.04583333333333333 0.05694444444444444
3 0.45807291666666666 0.15925925925925927 0.023177083333333334 0.049074074074074076
3 0.09348958333333333 0.1763888888888889 0.020052083333333335 0.024537037037037038
3 0.07369791666666667 0.17453703703703705 0.024739583333333332 0.020833333333333332
3 0.05182291666666667 0.18425925925925926 0.020052083333333335 0.021296296296296296
2 0.09401041666666667 0.30833333333333335 0.07630208333333334 0.09074074074074075
2 0.04088541666666667 0.3476851851851852 0.05078125 0.08935185185185185
2 0.23151041666666666 0.3962962962962963 0.04973958333333333 0.07314814814814814
