3 0.020833333333333332 0.24537037037037038 0.029166666666666667 0.03148148148148148
3 0.051041666666666666 0.2462962962962963 0.022395833333333334 0.025925925925925925
3 0.07213541666666666 0.2412037037037037 0.019010416666666665 0.03009259259259259
3 0.0921875 0.24212962962962964 0.0203125 0.024537037037037038
3 0.10989583333333333 0.23564814814814813 0.0203125 0.033796296296296297
3 0.12890625 0.24722222222222223 0.011197916666666667 0.024074074074074074
3 0.15078125 0.23657407407407408 0.029947916666666668 0.0412037037037037
3 0.18984375 0.2439814814814815 0.027864583333333335 0.022685185185185187
3 0.22265625 0.2361111111111111 0.020572916666666666 0.020370370370370372
3 0.2596354166666667 0.24259259259259258 0.02265625 0.028703703703703703
3 0.2903645833333333 0.23703703703703705 0.022135416666666668 0.026851851851851852
3 0.32135416666666666 0.25972222222222224 0.018229166666666668 0.024537037037037038
3 0.41119791666666666 0.24305555555555555 0.012239583333333333 0.020833333333333332
3 0.25286458333333334 0.26296296296296295 0.00859375 0.014814814814814815
3 0.23515625 0.2708333333333333 0.010677083333333334 0.011574074074074073
