3 0.04739583333333333 0.24537037037037038 0.09427083333333333 0.11296296296296296
3 0.14453125 0.22407407407407406 0.08880208333333334 0.08703703703703704
3 0.32109375 0.1337962962962963 0.05078125 0.05324074074074074
3 0.37578125 0.1597222222222222 0.05234375 0.0587962962962963
3 0.39036458333333335 0.22916666666666666 0.05546875 0.06898148148148148
3 0.4544270833333333 0.23425925925925925 0.05234375 0.08796296296296297
3 0.26145833333333335 0.1699074074074074 0.03802083333333333 0.04953703703703704
3 0.12734375 0.16342592592592592 0.038802083333333334 0.02638888888888889
3 0.028645833333333332 0.14953703703703702 0.034895833333333334 0.02824074074074074
3 0.096875 0.1648148148148148 0.024479166666666666 0.032407407407407406
