3 0.24635416666666668 0.20879629629629629 0.021875 0.038425925925925926
3 0.28229166666666666 0.20694444444444443 0.018229166666666668 0.02638888888888889
3 0.26328125 0.24537037037037038 0.01953125 0.025
3 0.36302083333333335 0.2828703703703704 0.01875 0.024537037037037038
3 0.4153645833333333 0.2662037037037037 0.023697916666666666 0.0375
3 0.3268229166666667 0.40925925925925927 0.03411458333333333 0.046296296296296294
3 0.19401041666666666 0.4666666666666667 0.06901041666666667 0.05185185185185185
3 0.4596354166666667 0.23425925925925925 0.019010416666666665 0.025925925925925925
3 0.48125 0.25277777777777777 0.009375 0.01574074074074074
3 0.4036458333333333 0.2273148148148148 0.0171875 0.01990740740740741
