4 0.22317708333333333 0.18009259259259258 0.03307291666666667 0.02638888888888889
4 0.16848958333333333 0.1824074074074074 0.05651041666666667 0.046296296296296294
4 0.096875 0.18472222222222223 0.06614583333333333 0.07361111111111111
4 0.030989583333333334 0.18611111111111112 0.04088541666666667 0.09166666666666666
4 0.34791666666666665 0.19166666666666668 0.03958333333333333 0.025
4 0.39505208333333336 0.19490740740740742 0.03984375 0.03657407407407407
4 0.45755208333333336 0.20787037037037037 0.05911458333333333 0.04490740740740741
2 0.23515625 0.28888888888888886 0.03828125 0.05555555555555555
2 0.17916666666666667 0.39814814814814814 0.0609375 0.06296296296296296
2 0.20677083333333332 0.3458333333333333 0.05572916666666667 0.06620370370370371
