3 0.42161458333333335 0.17731481481481481 0.03619791666666667 0.03287037037037037
3 0.459375 0.18888888888888888 0.03854166666666667 0.027777777777777776
3 0.38307291666666665 0.18009259259259258 0.039322916666666666 0.03657407407407407
3 0.34479166666666666 0.13935185185185187 0.028645833333333332 0.038425925925925926
3 0.36171875 0.14953703703703702 0.015364583333333333 0.022685185185185187
3 0.2981770833333333 0.13657407407407407 0.02578125 0.027314814814814816
3 0.29713541666666665 0.18055555555555555 0.022135416666666668 0.026851851851851852
3 0.25546875 0.14814814814814814 0.02734375 0.032407407407407406
3 0.209375 0.12685185185185185 0.03958333333333333 0.028703703703703703
3 0.17838541666666666 0.1300925925925926 0.03411458333333333 0.03009259259259259
3 0.2234375 0.16111111111111112 0.028125 0.026851851851851852
3 0.14427083333333332 0.1310185185185185 0.028645833333333332 0.022685185185185187
3 0.11484375 0.1259259259259259 0.01640625 0.019444444444444445
3 0.09296875 0.1310185185185185 0.026822916666666665 0.02824074074074074
3 0.06901041666666667 0.13425925925925927 0.02421875 0.027777777777777776
3 0.0125 0.1375 0.021354166666666667 0.027314814814814816
9 0.0828125 0.22546296296296298 0.12864583333333332 0.06620370370370371
9 0.21770833333333334 0.23055555555555557 0.11822916666666666 0.06111111111111111
9 0.37552083333333336 0.23796296296296296 0.12135416666666667 0.06388888888888888
