3 0.44895833333333335 0.16898148148148148 0.042708333333333334 0.0375
3 0.3815104166666667 0.1726851851851852 0.02890625 0.03287037037037037
3 0.32083333333333336 0.16203703703703703 0.0359375 0.03796296296296296
3 0.28072916666666664 0.15 0.0359375 0.03611111111111111
3 0.1484375 0.1527777777777778 0.043229166666666666 0.03425925925925926
2 0.42552083333333335 0.362962962962963 0.12135416666666667 0.0824074074074074
2 0.44192708333333336 0.2935185185185185 0.038802083333333334 0.049074074074074076
2 0.29244791666666664 0.3541666666666667 0.07317708333333334 0.05694444444444444
2 0.15677083333333333 0.4217592592592593 0.04739583333333333 0.050462962962962966
2 0.030989583333333334 0.35694444444444445 0.03463541666666667 0.05694444444444444
2 0.020052083333333335 0.26064814814814813 0.029947916666666668 0.04398148148148148
