9 0.11692708333333333 0.24166666666666667 0.13567708333333334 0.06666666666666667
9 0.27838541666666666 0.24675925925925926 0.13098958333333333 0.0763888888888889
9 0.40677083333333336 0.26342592592592595 0.09270833333333334 0.07175925925925926
3 0.4630208333333333 0.1736111111111111 0.0203125 0.02638888888888889
3 0.4080729166666667 0.18009259259259258 0.02734375 0.03009259259259259
3 0.3578125 0.1587962962962963 0.025520833333333333 0.038425925925925926
3 0.3223958333333333 0.15324074074074073 0.022916666666666665 0.031018518518518518
3 0.2140625 0.1527777777777778 0.0171875 0.022222222222222223
3 0.20364583333333333 0.1763888888888889 0.019791666666666666 0.03009259259259259
3 0.17552083333333332 0.15833333333333333 0.0171875 0.03148148148148148
3 0.11380208333333333 0.12916666666666668 0.012760416666666666 0.01898148148148148
3 0.08046875 0.12916666666666668 0.012760416666666666 0.018055555555555554
3 0.05911458333333333 0.12685185185185185 0.01953125 0.028703703703703703
3 0.05 0.16666666666666666 0.019791666666666666 0.03333333333333333
3 0.031510416666666666 0.1439814814814815 0.02109375 0.038425925925925926
