3 0.12708333333333333 0.23935185185185184 0.020833333333333332 0.02638888888888889
3 0.15364583333333334 0.2300925925925926 0.0265625 0.04398148148148148
3 0.21901041666666668 0.24814814814814815 0.02265625 0.023148148148148147
3 0.4080729166666667 0.24953703703703703 0.03046875 0.02824074074074074
3 0.4434895833333333 0.2300925925925926 0.024739583333333332 0.02175925925925926
3 0.47421875 0.2300925925925926 0.024739583333333332 0.029166666666666667
3 0.48463541666666665 0.25416666666666665 0.01484375 0.027314814814814816
3 0.33098958333333334 0.3175925925925926 0.023177083333333334 0.027777777777777776
3 0.3692708333333333 0.24259259259259258 0.030729166666666665 0.02962962962962963
3 0.31796875 0.2310185185185185 0.02578125 0.03194444444444444
