4 0.11380208333333333 0.26805555555555555 0.15130208333333334 0.14305555555555555
4 0.31640625 0.28703703703703703 0.19661458333333334 0.1287037037037037
4 0.13723958333333333 0.18611111111111112 0.14921875 0.07037037037037037
3 0.09166666666666666 0.30972222222222223 0.05677083333333333 0.04583333333333333
3 0.14192708333333334 0.31805555555555554 0.022135416666666668 0.01990740740740741
3 0.14713541666666666 0.34814814814814815 0.025260416666666667 0.03148148148148148
3 0.18671875 0.3384259259259259 0.03515625 0.038425925925925926
3 0.2890625 0.35185185185185186 0.0484375 0.03981481481481482
3 0.42682291666666666 0.3675925925925926 0.06588541666666667 0.05925925925925926
3 0.06848958333333334 0.35462962962962963 0.031510416666666666 0.03981481481481482
