9 0.06614583333333333 0.18935185185185185 0.07239583333333334 0.03287037037037037
9 0.18776041666666668 0.20601851851851852 0.07526041666666666 0.04027777777777778
9 0.30390625 0.22361111111111112 0.10651041666666666 0.05324074074074074
9 0.41067708333333336 0.23194444444444445 0.07473958333333333 0.056018518518518516
3 0.21015625 0.1597222222222222 0.02265625 0.02361111111111111
3 0.1890625 0.1398148148148148 0.01875 0.023148148148148147
3 0.14635416666666667 0.1287037037037037 0.019791666666666666 0.024074074074074074
3 0.12578125 0.16064814814814815 0.019010416666666665 0.020833333333333332
3 0.10520833333333333 0.1550925925925926 0.017708333333333333 0.02175925925925926
3 0.08828125 0.15555555555555556 0.01953125 0.026851851851851852
3 0.1 0.12962962962962962 0.022395833333333334 0.03518518518518519
3 0.06744791666666666 0.12037037037037036 0.016927083333333332 0.017592592592592594
3 0.06458333333333334 0.13333333333333333 0.0203125 0.020370370370370372
3 0.05234375 0.1527777777777778 0.026302083333333334 0.03425925925925926
3 0.03046875 0.14907407407407408 0.020572916666666666 0.025925925925925925
3 0.03229166666666667 0.11944444444444445 0.0234375 0.02962962962962963
