8 0.10364583333333334 0.23657407407407408 0.10729166666666666 0.14027777777777778
3 0.26953125 0.32037037037037036 0.021614583333333333 0.037037037037037035
3 0.29791666666666666 0.30972222222222223 0.024479166666666666 0.03564814814814815
3 0.3494791666666667 0.3023148148148148 0.033854166666666664 0.043055555555555555
3 0.39088541666666665 0.32175925925925924 0.01796875 0.033796296296296297
3 0.3502604166666667 0.25972222222222224 0.017447916666666667 0.02824074074074074
3 0.34791666666666665 0.19675925925925927 0.019270833333333334 0.03657407407407407
3 0.3533854166666667 0.15925925925925927 0.027864583333333335 0.07685185185185185
3 0.2643229166666667 0.18935185185185185 0.039322916666666666 0.07268518518518519
3 0.22630208333333332 0.19490740740740742 0.03984375 0.0699074074074074
3 0.45234375 0.19583333333333333 0.04244791666666667 0.0587962962962963
