3 0.06744791666666666 0.22037037037037038 0.020572916666666666 0.026851851851851852
3 0.32369791666666664 0.2273148148148148 0.03463541666666667 0.03009259259259259
3 0.3729166666666667 0.20092592592592592 0.016666666666666666 0.020370370370370372
3 0.39817708333333335 0.2337962962962963 0.019010416666666665 0.02361111111111111
3 0.4703125 0.2337962962962963 0.018229166666666668 0.02175925925925926
3 0.41744791666666664 0.2657407407407407 0.016927083333333332 0.03611111111111111
3 0.19401041666666666 0.22546296296296298 0.02421875 0.029166666666666667
3 0.13776041666666666 0.23148148148148148 0.020052083333333335 0.026851851851851852
3 0.24739583333333334 0.2324074074074074 0.0109375 0.019444444444444445
3 0.29765625 0.2361111111111111 0.021614583333333333 0.025
