0 0.04505208333333333 0.2175925925925926 0.08255208333333333 0.09074074074074075
0 0.12526041666666668 0.22083333333333333 0.06432291666666666 0.1162037037037037
0 0.20520833333333333 0.21944444444444444 0.075 0.10925925925925926
0 0.44817708333333334 0.1476851851851852 0.09401041666666667 0.056018518518518516
0 0.44921875 0.21712962962962962 0.09348958333333333 0.09953703703703703
10 0.3609375 0.19027777777777777 0.06145833333333333 0.26435185185185184
10 0.07135416666666666 0.30462962962962964 0.10364583333333334 0.05462962962962963
10 0.18359375 0.30787037037037035 0.07473958333333333 0.04398148148148148
3 0.22994791666666667 0.3574074074074074 0.022135416666666668 0.03425925925925926
3 0.038802083333333334 0.3638888888888889 0.023177083333333334 0.032407407407407406
3 0.06145833333333333 0.3337962962962963 0.0484375 0.027314814814814816
