3 0.21067708333333332 0.18796296296296297 0.021614583333333333 0.02962962962962963
3 0.16979166666666667 0.1837962962962963 0.023958333333333335 0.03287037037037037
3 0.11979166666666667 0.19074074074074074 0.0328125 0.030555555555555555
3 0.026302083333333334 0.19768518518518519 0.025260416666666667 0.024537037037037038
3 0.06640625 0.18703703703703703 0.02421875 0.021296296296296296
3 0.31744791666666666 0.17777777777777778 0.025260416666666667 0.024074074074074074
3 0.35260416666666666 0.1814814814814815 0.01875 0.018518518518518517
3 0.2565104166666667 0.18009259259259258 0.030989583333333334 0.03657407407407407
2 0.0859375 0.36944444444444446 0.09635416666666667 0.13518518518518519
2 0.15026041666666667 0.42824074074074076 0.07317708333333334 0.09490740740740741
2 0.2484375 0.3837962962962963 0.078125 0.1310185185185185
2 0.4510416666666667 0.3384259259259259 0.0640625 0.08194444444444444
