9 0.09609375 0.22916666666666666 0.14192708333333334 0.07361111111111111
9 0.2359375 0.22824074074074074 0.0875 0.060648148148148145
9 0.36796875 0.2462962962962963 0.12109375 0.07222222222222222
3 0.45598958333333334 0.1875 0.01796875 0.02361111111111111
3 0.4708333333333333 0.14814814814814814 0.025 0.028703703703703703
3 0.43125 0.13703703703703704 0.034895833333333334 0.03425925925925926
3 0.38203125 0.13935185185185187 0.032552083333333336 0.03935185185185185
3 0.3489583333333333 0.13842592592592592 0.036458333333333336 0.03287037037037037
3 0.33125 0.16018518518518518 0.027083333333333334 0.025925925925925925
3 0.28828125 0.1287037037037037 0.030989583333333334 0.03148148148148148
3 0.2598958333333333 0.12824074074074074 0.034895833333333334 0.029166666666666667
3 0.22395833333333334 0.12546296296296297 0.0203125 0.024537037037037038
3 0.19817708333333334 0.12546296296296297 0.03307291666666667 0.03194444444444444
3 0.17239583333333333 0.12731481481481483 0.024479166666666666 0.02638888888888889
3 0.16458333333333333 0.13564814814814816 0.021354166666666667 0.03194444444444444
3 0.12447916666666667 0.1300925925925926 0.023958333333333335 0.02546296296296296
3 0.09921875 0.14166666666666666 0.032552083333333336 0.03611111111111111
3 0.059895833333333336 0.14305555555555555 0.024479166666666666 0.02824074074074074
3 0.025520833333333333 0.13518518518518519 0.034375 0.04814814814814815
